Time, Temp, Press, MotorRpm, Weight, setTemp, setPress, setMotorRpm, setWeight, setMode, Mode, heaterHasPower, isOn, noPan, lidClosed, lidLocked, pusherLocked
2014-09-08 16:24:27, 100.0, -8, 0, 0.0, 0.0, 0, 0, 0.0, 0, 0, 0, 0, 0, 0, 0, 0
2014-09-08 16:24:37, 100.0, -4, 0, 0.0, 0.0, 0, 0, 0.0, 0, 0, 0, 0, 0, 0, 0, 0
2014-09-08 16:24:48, 99.0, -7, 0, 0.0, 0.0, 0, 0, 0.0, 0, 0, 0, 0, 0, 0, 0, 0
2014-09-08 16:24:58, 99.0, -5, 0, 0.0, 0.0, 0, 0, 0.0, 0, 0, 0, 0, 0, 0, 0, 0
2014-09-08 16:25:09, 98.0, -7, 0, 0.0, 0.0, 0, 0, 0.0, 0, 0, 0, 0, 0, 0, 0, 0
2014-09-08 16:25:19, 98.0, -3, 0, 0.0, 0.0, 0, 0, 0.0, 0, 0, 0, 0, 0, 0, 0, 0
2014-09-08 16:25:30, 98.0, -6, 0, 0.0, 0.0, 0, 0, 0.0, 0, 0, 0, 0, 0, 0, 0, 0
2014-09-08 16:25:40, 97.0, -6, 0, 0.0, 0.0, 0, 0, 0.0, 0, 0, 0, 0, 0, 0, 0, 0
2014-09-08 16:25:51, 97.0, -10, 0, 0.0, 0.0, 0, 0, 0.0, 0, 0, 0, 0, 0, 0, 0, 0
2014-09-08 16:26:01, 96.0, -3, 0, 0.0, 0.0, 0, 0, 0.0, 0, 0, 0, 0, 0, 0, 0, 0
2014-09-08 16:26:12, 96.0, 2, 0, 0.0, 0.0, 0, 0, 0.0, 0, 0, 0, 0, 0, 0, 0, 0
2014-09-08 16:26:22, 96.0, -6, 0, 0.0, 0.0, 0, 0, 0.0, 0, 0, 0, 0, 0, 0, 0, 0
2014-09-08 16:26:33, 95.0, -4, 0, 0.0, 0.0, 0, 0, 0.0, 0, 0, 0, 0, 0, 0, 0, 0
2014-09-08 16:26:43, 95.0, -3, 0, 0.0, 0.0, 0, 0, 0.0, 0, 0, 0, 0, 0, 0, 0, 0
2014-09-08 16:26:54, 94.0, -3, 0, 0.0, 0.0, 0, 0, 0.0, 0, 0, 0, 0, 0, 0, 0, 0
2014-09-08 16:27:04, 94.0, 1, 0, 0.0, 0.0, 0, 0, 0.0, 0, 0, 0, 0, 0, 0, 0, 0
2014-09-08 16:27:15, 94.0, -6, 0, 0.0, 0.0, 0, 0, 0.0, 0, 0, 0, 0, 0, 0, 0, 0
2014-09-08 16:27:25, 93.0, -5, 0, 0.0, 0.0, 0, 0, 0.0, 0, 0, 0, 0, 0, 0, 0, 0
2014-09-08 16:27:36, 93.0, -5, 0, 0.0, 0.0, 0, 0, 0.0, 0, 0, 0, 0, 0, 0, 0, 0
2014-09-08 16:27:46, 93.0, -6, 0, 0.0, 0.0, 0, 0, 0.0, 0, 0, 0, 0, 0, 0, 0, 0
2014-09-08 16:27:57, 92.0, -7, 0, 0.0, 0.0, 0, 0, 0.0, 0, 0, 0, 0, 0, 0, 0, 0
2014-09-08 16:28:07, 92.0, -5, 0, 0.0, 0.0, 0, 0, 0.0, 0, 0, 0, 0, 0, 0, 0, 0
2014-09-08 16:28:18, 91.0, 1, 0, 0.0, 0.0, 0, 0, 0.0, 0, 0, 0, 0, 0, 0, 0, 0
2014-09-08 16:28:28, 91.0, -2, 0, 0.0, 0.0, 0, 0, 0.0, 0, 0, 0, 0, 0, 0, 0, 0
2014-09-08 16:28:39, 91.0, -7, 0, 0.0, 0.0, 0, 0, 0.0, 0, 0, 0, 0, 0, 0, 0, 0
2014-09-08 16:28:49, 90.0, -3, 0, 0.0, 0.0, 0, 0, 0.0, 0, 0, 0, 0, 0, 0, 0, 0
2014-09-08 16:29:00, 90.0, -2, 0, 0.0, 0.0, 0, 0, 0.0, 0, 0, 0, 0, 0, 0, 0, 0
2014-09-08 16:29:10, 90.0, -7, 0, 0.0, 0.0, 0, 0, 0.0, 0, 0, 0, 0, 0, 0, 0, 0
2014-09-08 16:29:21, 89.0, -7, 0, 0.0, 0.0, 0, 0, 0.0, 0, 0, 0, 0, 0, 0, 0, 0
2014-09-08 16:29:31, 89.0, -4, 0, 0.0, 0.0, 0, 0, 0.0, 0, 0, 0, 0, 0, 0, 0, 0
2014-09-08 16:29:42, 89.0, -6, 0, 0.0, 0.0, 0, 0, 0.0, 0, 0, 0, 0, 0, 0, 0, 0
2014-09-08 16:29:52, 88.0, -4, 0, 0.0, 0.0, 0, 0, 0.0, 0, 0, 0, 0, 0, 0, 0, 0
2014-09-08 16:30:03, 88.0, -6, 0, 0.0, 0.0, 0, 0, 0.0, 0, 0, 0, 0, 0, 0, 0, 0
2014-09-08 16:30:13, 88.0, -7, 0, 0.0, 0.0, 0, 0, 0.0, 0, 0, 0, 0, 0, 0, 0, 0
2014-09-08 16:30:24, 87.0, -4, 0, 0.0, 0.0, 0, 0, 0.0, 0, 0, 0, 0, 0, 0, 0, 0
2014-09-08 16:30:34, 87.0, -5, 0, 0.0, 0.0, 0, 0, 0.0, 0, 0, 0, 0, 0, 0, 0, 0
2014-09-08 16:30:45, 87.0, -10, 0, 0.0, 0.0, 0, 0, 0.0, 0, 0, 0, 0, 0, 0, 0, 0
2014-09-08 16:30:55, 86.0, -11, 0, 0.0, 0.0, 0, 0, 0.0, 0, 0, 0, 0, 0, 0, 0, 0
2014-09-08 16:31:06, 86.0, -5, 0, 0.0, 0.0, 0, 0, 0.0, 0, 0, 0, 0, 0, 0, 0, 0
2014-09-08 16:31:16, 85.0, -3, 0, 0.0, 0.0, 0, 0, 0.0, 0, 0, 0, 0, 0, 0, 0, 0
2014-09-08 16:31:27, 85.0, -5, 0, 0.0, 0.0, 0, 0, 0.0, 0, 0, 0, 0, 0, 0, 0, 0
2014-09-08 16:31:37, 85.0, -1, 0, 0.0, 0.0, 0, 0, 0.0, 0, 0, 0, 0, 0, 0, 0, 0
2014-09-08 16:31:48, 84.0, -6, 0, 0.0, 0.0, 0, 0, 0.0, 0, 0, 0, 0, 0, 0, 0, 0
2014-09-08 16:31:58, 84.0, -1, 0, 0.0, 0.0, 0, 0, 0.0, 0, 0, 0, 0, 0, 0, 0, 0
2014-09-08 16:32:09, 84.0, -2, 0, 0.0, 0.0, 0, 0, 0.0, 0, 0, 0, 0, 0, 0, 0, 0
2014-09-08 16:32:19, 84.0, -3, 0, 0.0, 0.0, 0, 0, 0.0, 0, 0, 0, 0, 0, 0, 0, 0
2014-09-08 16:32:30, 83.0, -2, 0, 0.0, 0.0, 0, 0, 0.0, 0, 0, 0, 0, 0, 0, 0, 0
2014-09-08 16:32:41, 83.0, -2, 0, 0.0, 0.0, 0, 0, 0.0, 0, 0, 0, 0, 0, 0, 0, 0
2014-09-08 16:32:51, 83.0, -5, 0, 0.0, 0.0, 0, 0, 0.0, 0, 0, 0, 0, 0, 0, 0, 0
2014-09-08 16:33:02, 82.0, -7, 0, 0.0, 0.0, 0, 0, 0.0, 0, 0, 0, 0, 0, 0, 0, 0
2014-09-08 16:33:12, 82.0, -1, 0, 0.0, 0.0, 0, 0, 0.0, 0, 0, 0, 0, 0, 0, 0, 0
2014-09-08 16:33:23, 82.0, -5, 0, 0.0, 0.0, 0, 0, 0.0, 0, 0, 0, 0, 0, 0, 0, 0
2014-09-08 16:33:33, 81.0, -1, 0, 0.0, 0.0, 0, 0, 0.0, 0, 0, 0, 0, 0, 0, 0, 0
2014-09-08 16:33:44, 81.0, -4, 0, 0.0, 0.0, 0, 0, 0.0, 0, 0, 0, 0, 0, 0, 0, 0
2014-09-08 16:33:54, 81.0, -5, 0, 0.0, 0.0, 0, 0, 0.0, 0, 0, 0, 0, 0, 0, 0, 0
2014-09-08 16:34:05, 80.0, -4, 0, 0.0, 0.0, 0, 0, 0.0, 0, 0, 0, 0, 0, 0, 0, 0
2014-09-08 16:34:15, 80.0, -4, 0, 0.0, 0.0, 0, 0, 0.0, 0, 0, 0, 0, 0, 0, 0, 0
2014-09-08 16:34:26, 80.0, -7, 0, 0.0, 0.0, 0, 0, 0.0, 0, 0, 0, 0, 0, 0, 0, 0
2014-09-08 16:34:36, 80.0, -4, 0, 0.0, 0.0, 0, 0, 0.0, 0, 0, 0, 0, 0, 0, 0, 0
2014-09-08 16:34:47, 79.0, -3, 0, 0.0, 0.0, 0, 0, 0.0, 0, 0, 0, 0, 0, 0, 0, 0
